8.900000000000000133e-01 -4.598494912726901473e-01
9.000000000000000222e-01 -8.182627543503517842e-01
9.100000000000000311e-01 -2.662273642597605128e-01
9.200000000000000400e-01 -5.996223343843584130e-01
9.300000000000000488e-01 1.816099082275494103e-01
9.400000000000000577e-01 -5.490204058189451786e-02
9.500000000000000666e-01 -9.336262791175846676e-01
9.599999999999999645e-01 -1.263454623440336988e+00
9.699999999999999734e-01 1.441983984419194231e-01
9.799999999999999822e-01 -4.924379733997458208e-01
9.899999999999999911e-01 -7.122834439485565827e-01
1.000000000000000000e+00 1.209702282967960729e-01
1.010000000000000009e+00 1.868782193330942309e-01
1.020000000000000018e+00 5.471148060571371374e-01
1.030000000000000027e+00 4.677190277311215061e-01
1.040000000000000036e+00 3.950594301426346155e-01
1.050000000000000044e+00 7.063331106227225265e-01
1.060000000000000053e+00 1.022147072719825633e+00
1.070000000000000062e+00 3.791022385020536567e-01
1.080000000000000071e+00 3.184009162561544093e-01
1.090000000000000080e+00 2.812755586046339351e-01
1.100000000000000089e+00 1.884595667038500566e-01
1.110000000000000098e+00 1.130490737368857967e+00
1.120000000000000107e+00 3.063979393285476416e-02
1.130000000000000115e+00 1.337102312894131284e+00
1.140000000000000124e+00 -6.082135752240747095e-02
1.150000000000000133e+00 9.944588152435589468e-01
1.159999999999999920e+00 5.066987059027256990e-01
1.169999999999999929e+00 7.524354259746443008e-01
1.179999999999999938e+00 8.483396639390462513e-01
1.189999999999999947e+00 1.177748774615585914e+00
1.199999999999999956e+00 4.096076848691813099e-01
1.209999999999999964e+00 1.232655568066270968e+00
1.219999999999999973e+00 6.552401614973473176e-01
1.229999999999999982e+00 1.157321590013862478e+00
1.239999999999999991e+00 3.316697125088310383e-01
1.250000000000000000e+00 9.547552161850006991e-01
1.260000000000000009e+00 1.298881753937086492e+00
1.270000000000000018e+00 1.202923602375508327e+00
1.280000000000000027e+00 1.546831582031569008e+00
1.290000000000000036e+00 5.349010736010615386e-01
1.300000000000000044e+00 8.641489122504091291e-01
1.310000000000000053e+00 5.743555801506097236e-01
1.320000000000000062e+00 4.382237019126719035e-01
1.330000000000000071e+00 9.740150502360999107e-01
1.340000000000000080e+00 9.987471997066070806e-01
1.350000000000000089e+00 7.440585384994166107e-01
1.360000000000000098e+00 6.374294323931830597e-01
1.370000000000000107e+00 1.183874100288617726e+00
1.380000000000000115e+00 7.237188805214430642e-01
1.390000000000000124e+00 1.203189171698312965e+00
1.400000000000000133e+00 8.832004425827086891e-01
1.409999999999999920e+00 7.544336211436036832e-01
1.419999999999999929e+00 2.576908027670791190e-01
1.429999999999999938e+00 1.382098118094735595e+00
1.439999999999999947e+00 -5.624573959821799196e-01
1.449999999999999956e+00 6.346646232543909361e-02
1.459999999999999964e+00 8.682023615469778299e-01
1.469999999999999973e+00 5.342660448904263948e-01
1.479999999999999982e+00 -6.355197554328204657e-01
1.489999999999999991e+00 3.098566458637531662e-01
1.500000000000000000e+00 1.225890222910498206e+00
1.510000000000000009e+00 1.405958873686244059e+00
1.520000000000000018e+00 -1.898493790663688674e-01
1.530000000000000027e+00 -8.255699435170951728e-02
1.540000000000000036e+00 -1.100621658094448119e+00
1.550000000000000044e+00 -6.076981740052602721e-01
1.560000000000000053e+00 -7.821115510516341018e-01
1.570000000000000062e+00 -8.730775201780049954e-01
1.580000000000000071e+00 2.440359006588482815e-02
1.590000000000000080e+00 -2.681307796850511682e-01
1.600000000000000089e+00 -5.229487233680099045e-01
1.610000000000000098e+00 -1.010544034976125660e+00
1.620000000000000107e+00 -6.833207583221786452e-01
1.630000000000000115e+00 -4.648335916049288197e-01
1.640000000000000124e+00 -8.598913260015039750e-01
1.650000000000000133e+00 -1.038674396915826970e+00
1.660000000000000142e+00 -1.349042297304041682e+00
1.669999999999999929e+00 -1.744249548543440387e+00
1.679999999999999938e+00 -1.323828412663828891e+00
1.689999999999999947e+00 -7.571921334529096992e-02
1.699999999999999956e+00 -1.617736183508668768e+00
1.709999999999999964e+00 -1.637360346749085815e+00
1.719999999999999973e+00 -1.234400991085500499e+00
1.729999999999999982e+00 -8.749100756221278585e-01
1.739999999999999991e+00 -1.515892577153041376e+00
1.750000000000000000e+00 -1.246919060264807477e+00
1.760000000000000009e+00 -1.308026705379573551e+00
1.770000000000000018e+00 -6.426972938817130387e-01
1.780000000000000027e+00 -2.175636174247993715e+00
1.790000000000000036e+00 -1.529938867770499478e+00
1.800000000000000044e+00 -1.156619838268622358e+00
1.810000000000000053e+00 -9.641280050569743798e-01
1.820000000000000062e+00 -2.205671491903606896e+00
1.830000000000000071e+00 -9.255047564338453325e-01
1.840000000000000080e+00 -8.830302982502205023e-01
1.850000000000000089e+00 -9.901738757835518712e-01
1.860000000000000098e+00 -1.535131978479402637e-01
1.870000000000000107e+00 -1.418430372391002336e+00
1.880000000000000115e+00 -1.361234668990682461e+00
1.890000000000000124e+00 -5.814187524227862891e-01
1.900000000000000133e+00 -4.952278111424728291e-01
1.910000000000000142e+00 -2.514437282556578612e-01
1.919999999999999929e+00 -1.865504107331648065e+00
1.929999999999999938e+00 -6.139816011875969259e-01
1.939999999999999947e+00 -9.212150652844641741e-03
1.949999999999999956e+00 2.635657652967932085e-01
1.959999999999999964e+00 -2.155249958765960427e-01
1.969999999999999973e+00 -1.121924641231584197e+00
1.979999999999999982e+00 -5.691555343496861319e-01
1.989999999999999991e+00 7.816839546364381941e-02
2.000000000000000000e+00 5.774113384651426983e-01
2.010000000000000231e+00 4.960297095497138292e-02
2.020000000000000018e+00 4.147167773869915308e-01
2.030000000000000249e+00 3.072854000502004412e-01
2.040000000000000036e+00 5.289305934918436813e-01
2.049999999999999822e+00 6.608958213877413890e-01
2.060000000000000053e+00 -1.475214288518905681e-02
2.069999999999999840e+00 6.937881727105938978e-01
2.080000000000000071e+00 1.632481585111197342e+00
2.089999999999999858e+00 4.197819084991412653e-01
2.100000000000000089e+00 1.700163602545709640e+00
2.109999999999999876e+00 3.297791827746413551e-01
2.120000000000000107e+00 9.574632579016806311e-01
2.129999999999999893e+00 4.319868549183071282e-01
2.140000000000000124e+00 1.569720975871503610e-01
2.149999999999999911e+00 9.249127067275815239e-01
2.160000000000000142e+00 -2.008131907490688928e-01
2.169999999999999929e+00 1.126909696840025177e+00
2.180000000000000160e+00 3.842189241972332470e-01
2.189999999999999947e+00 9.387178812164663766e-01
2.200000000000000178e+00 1.467273677828622391e+00
2.209999999999999964e+00 8.400368554493932161e-01
2.220000000000000195e+00 5.702208824981764845e-01
2.229999999999999982e+00 1.381122107146690148e+00
2.240000000000000213e+00 6.626310304199662937e-01
2.250000000000000000e+00 3.746333732202121736e-01
2.260000000000000231e+00 1.059724698772363860e+00
2.270000000000000018e+00 1.970651849965718849e+00
2.280000000000000249e+00 1.448095849103944399e+00
2.290000000000000036e+00 9.502930542081970966e-01
2.300000000000000266e+00 1.287730362508160864e+00
2.310000000000000053e+00 8.008976487118545373e-01
2.319999999999999840e+00 1.936890064367694508e-01
2.330000000000000071e+00 1.004573077212040477e+00
2.339999999999999858e+00 -5.082909405983968565e-01
2.350000000000000089e+00 9.060969545575665585e-01
